
   
K>> [t1, t2, t3]

ans =

   78.3803  161.0087  245.3753

K>> [t1, t2, t3]/8

ans =

    9.7975   20.1261   30.6719